0     0  0.0966
100     0  0.0966
200     0  0.0966
300     0  0.0966
400     0  0.0966
500     0  0.0966
600     0  0.0966
700     0  0.0966
800     0  0.0966
900     0  0.0966
1000     0  0.0966
1100     0  0.0966
1200     0  0.0966
1300     0  0.0966
1400     0  0.0966
1500     0  0.0966
1600     0  0.0966
1700     0  0.0966
1800     0  0.0966
1900     0  0.0966
2000     0  0.0966
2100     0  0.0966
2200     0  0.0966
2300     0  0.0966
2400     0  0.0966
2500     0  0.0966
2600     0  0.0966
2700     0  0.0966
2800     0  0.0966
2900     0  0.0966
3000     0  0.0966
3100     0  0.0966
3200     0  0.0966
3300     0  0.0966
3400     0  0.0966
3500     0  0.0966
3600     0  0.0966
3700     0  0.0966
3800     0  0.0966
3900     0  0.0966
4000     0  0.0966
4100     0  0.0966
4200     0  0.0966
4300     0  0.0966
4400     0  0.0966
4500     0  0.0966
4600     0  0.0966
4700     0  0.0966
4800     0  0.0966
4900     0  0.0966
5000     0  0.0966
5100     0  0.0966
5200     0  0.0966
5300     0  0.0966
5400     0  0.0966
5500     0  0.0966
5600     0  0.0966
5700     0  0.0966
5800     0  0.0966
5900     0  0.0966
6000     0  0.0966
6100     0  0.0966
6200     0  0.0966
6300     0  0.0966
6400     0  0.0966
6500     0  0.0966
6600     0  0.0966
6700     0  0.0966
6800     0  0.0966
6900     0  0.0966
7000     0  0.0966
7100     0  0.0966
7200     0  0.0966
7300     0  0.0966
7400     0  0.0966
7500     0  0.0966
7600     0  0.0966
7700     0  0.0966
7800     0  0.0966
7900     0  0.0966
8000     0  0.0966
8100     0  0.0966
8200     0  0.0966
8300     0  0.0966
8400     0  0.0966
8500     0  0.0966
8600     0  0.0966
8700     0  0.0966
8800     0  0.0966
8900     0  0.0966
9000     0  0.0966
9100     0  0.0966
9200     0  0.0966
9300     0  0.0966
9400     0  0.0966
9500     0  0.0966
9600     0  0.0966
9700     0  0.0966
9800     0  0.0966
9900     0  0.0966
10000     0  0.0966
10000     0  0.0966
