0     0.0956  0.0981622
100     0.1226  0.127622
200     0.1956  0.200865
300     0.3272  0.331432
400     0.3998  0.407892
500     0.4462  0.455189
600     0.4898  0.494189
700     0.5412  0.547513
800     0.5946  0.601622
900     0.6214  0.628189
1000     0.638  0.645811
1100     0.6516  0.660838
1200     0.662  0.674135
1300     0.6736  0.688486
1400     0.6838  0.699297
1500     0.6916  0.707135
1600     0.6986  0.713324
1700     0.702  0.718838
1800     0.7064  0.722595
1900     0.7104  0.726649
2000     0.714  0.730432
2100     0.7172  0.734405
2200     0.7226  0.738541
2300     0.7306  0.748973
2400     0.7598  0.775378
2500     0.7956  0.803838
2600     0.8038  0.813432
2700     0.8072  0.817514
2800     0.8098  0.82027
2900     0.8094  0.822378
3000     0.8106  0.823757
3100     0.8112  0.82527
3200     0.813  0.827162
3300     0.816  0.82873
3400     0.8174  0.829892
3500     0.8178  0.830784
3600     0.819  0.831946
3700     0.8204  0.832892
3800     0.8202  0.833513
3900     0.8218  0.834892
4000     0.8234  0.836108
4100     0.8238  0.836973
4200     0.825  0.838324
4300     0.8268  0.840135
4400     0.8446  0.858189
4500     0.8748  0.88827
4600     0.8898  0.898459
4700     0.8952  0.903811
4800     0.8966  0.906784
4900     0.896  0.908568
5000     0.8972  0.910378
5100     0.8978  0.910865
5200     0.9  0.911784
5300     0.9016  0.91373
5400     0.902  0.913838
5500     0.9034  0.914784
5600     0.9038  0.915595
5700     0.9054  0.91627
5800     0.9056  0.916865
5900     0.9048  0.917622
6000     0.906  0.918622
6100     0.9054  0.919054
6200     0.9072  0.919216
6300     0.9072  0.919784
6400     0.907  0.920027
6500     0.9076  0.921
6600     0.9088  0.921
6700     0.9076  0.921811
6800     0.9062  0.921838
6900     0.909  0.922189
7000     0.9074  0.922919
7100     0.9094  0.923027
7200     0.9088  0.923432
7300     0.9084  0.923568
7400     0.9082  0.924108
7500     0.9084  0.923919
7600     0.909  0.92473
7700     0.9094  0.925162
7800     0.9088  0.925135
7900     0.9092  0.925568
8000     0.91  0.925838
8100     0.9104  0.925595
8200     0.9106  0.926351
8300     0.9098  0.926757
8400     0.9112  0.926838
8500     0.9104  0.92673
8600     0.9116  0.926892
8700     0.9124  0.926973
8800     0.9124  0.927108
8900     0.9134  0.927676
9000     0.9112  0.927216
9100     0.9118  0.928162
9200     0.9136  0.928027
9300     0.9142  0.928243
9400     0.9138  0.928486
9500     0.9138  0.928757
9600     0.9138  0.928784
9700     0.9148  0.92927
9800     0.9142  0.929
9900     0.9156  0.929324
10000     0.9146  0.92927
10000     0.9146  0.92927
